3.626000e+03 1.591239
3.629000e+03 1.585589
3.632000e+03 1.584771
3.635000e+03 1.587261
3.638000e+03 1.579996
3.641000e+03 1.581919
3.644000e+03 1.586345
3.647000e+03 1.587331
3.650000e+03 1.575451
3.653000e+03 1.572803
3.656000e+03 1.585633
3.659000e+03 1.579219
3.662000e+03 1.574841
3.665000e+03 1.578361
3.668000e+03 1.571007
3.671000e+03 1.559924
3.674000e+03 1.559985
3.677000e+03 1.552239
3.680000e+03 1.542261
3.683000e+03 1.531021
3.686000e+03 1.539577
3.689000e+03 1.524420
3.692000e+03 1.546456
3.695000e+03 1.547150
3.698000e+03 1.544011
3.701000e+03 1.536897
3.704000e+03 1.561034
3.707000e+03 1.545170
3.710000e+03 1.556103
3.713000e+03 1.577344
3.716000e+03 1.577560
3.719000e+03 1.590727
3.722000e+03 1.621485
3.725000e+03 1.633786
3.728000e+03 1.631386
3.731000e+03 1.637539
3.734000e+03 1.654446
3.737000e+03 1.691267
3.740000e+03 1.713003
3.743000e+03 1.726403
3.746000e+03 1.722018
3.749000e+03 1.700123
3.752000e+03 1.727681
3.755000e+03 1.809109
3.758000e+03 1.886367
3.761000e+03 1.918103
3.764000e+03 1.875035
3.767000e+03 1.790809
3.770000e+03 1.747135
3.773000e+03 1.773871
3.776000e+03 1.893255
3.779000e+03 2.043081
3.782000e+03 2.171741
3.785000e+03 2.214672
3.788000e+03 2.150470
3.791000e+03 2.021089
3.794000e+03 1.860542
3.797000e+03 1.759608
3.800000e+03 1.767624
3.803000e+03 1.874960
3.806000e+03 2.051287
3.809000e+03 2.202526
3.812000e+03 2.301255
3.815000e+03 2.346573
3.818000e+03 2.335042
3.821000e+03 2.291434
3.824000e+03 2.202376
3.827000e+03 2.068331
3.830000e+03 1.909097
3.833000e+03 1.774848
3.836000e+03 1.732545
3.839000e+03 1.788864
3.842000e+03 1.945086
3.845000e+03 2.133934
3.848000e+03 2.290475
3.851000e+03 2.402962
3.854000e+03 2.468451
3.857000e+03 2.491676
3.860000e+03 2.502203
3.863000e+03 2.499966
3.866000e+03 2.487740
3.869000e+03 2.456199
3.872000e+03 2.421859
3.875000e+03 2.355221
3.878000e+03 2.230182
3.881000e+03 2.055863
3.884000e+03 1.885208
3.887000e+03 1.751194
3.890000e+03 1.706711
3.893000e+03 1.776948
3.896000e+03 1.926525
3.899000e+03 2.099293
3.902000e+03 2.255525
3.905000e+03 2.359116
3.908000e+03 2.423499
3.911000e+03 2.468880
3.914000e+03 2.486233
3.917000e+03 2.480653
3.920000e+03 2.465564
3.923000e+03 2.440362
3.926000e+03 2.392974
3.929000e+03 2.341788
3.932000e+03 2.313245
3.935000e+03 2.315182
3.938000e+03 2.342253
3.941000e+03 2.384724
3.944000e+03 2.406317
3.947000e+03 2.411331
3.950000e+03 2.400008
3.953000e+03 2.355384
3.956000e+03 2.285545
3.959000e+03 2.157433
3.962000e+03 1.969231
3.965000e+03 1.775472
3.968000e+03 1.621176
3.971000e+03 1.584630
3.974000e+03 1.665412
3.977000e+03 1.823893
3.980000e+03 1.998421
3.983000e+03 2.156885
3.986000e+03 2.261334
3.989000e+03 2.317344
3.992000e+03 2.359575
3.995000e+03 2.375337
3.998000e+03 2.372768
4.001000e+03 2.361902
4.004000e+03 2.351975
4.007000e+03 2.339012
4.010000e+03 2.341063
4.013000e+03 2.347483
4.016000e+03 2.340219
4.019000e+03 2.323675
4.022000e+03 2.297536
4.025000e+03 2.262819
4.028000e+03 2.254313
4.031000e+03 2.277830
4.034000e+03 2.298451
4.037000e+03 2.320659
4.040000e+03 2.332853
4.043000e+03 2.338229
4.046000e+03 2.328188
4.049000e+03 2.322945
4.052000e+03 2.321256
4.055000e+03 2.308372
4.058000e+03 2.299437
4.061000e+03 2.295020
4.064000e+03 2.288171
4.067000e+03 2.266803
4.070000e+03 2.249436
4.073000e+03 2.230208
4.076000e+03 2.212761
4.079000e+03 2.199732
4.082000e+03 2.169230
4.085000e+03 2.125317
4.088000e+03 2.066589
4.091000e+03 1.953995
4.094000e+03 1.799497
4.097000e+03 1.631982
4.100000e+03 1.524407
4.103000e+03 1.504715
4.106000e+03 1.562558
4.109000e+03 1.692129
4.112000e+03 1.832462
4.115000e+03 1.948491
4.118000e+03 2.023856
4.121000e+03 2.057109
4.124000e+03 2.080586
4.127000e+03 2.094969
4.130000e+03 2.107632
4.133000e+03 2.111442
4.136000e+03 2.106787
4.139000e+03 2.100597
4.142000e+03 2.097931
4.145000e+03 2.094363
4.148000e+03 2.099850
4.151000e+03 2.109944
4.154000e+03 2.121643
4.157000e+03 2.132670
4.160000e+03 2.135424
4.163000e+03 2.134203
4.166000e+03 2.124193
4.169000e+03 2.113203
4.172000e+03 2.103387
4.175000e+03 2.100739
4.178000e+03 2.099992
4.181000e+03 2.101654
4.184000e+03 2.107291
4.187000e+03 2.109687
4.190000e+03 2.106539
4.193000e+03 2.098952
4.196000e+03 2.097304
4.199000e+03 2.089049
4.202000e+03 2.084760
4.205000e+03 2.086949
4.208000e+03 2.090503
4.211000e+03 2.090278
4.214000e+03 2.086945
4.217000e+03 2.079402
4.220000e+03 2.068755
4.223000e+03 2.061867
4.226000e+03 2.054023
4.229000e+03 2.050521
4.232000e+03 2.048951
4.235000e+03 2.039950
4.238000e+03 2.041263
4.241000e+03 2.035215
4.244000e+03 2.030563
4.247000e+03 2.029803
4.250000e+03 2.024855
4.253000e+03 2.019745
4.256000e+03 2.011994
4.259000e+03 2.012927
4.262000e+03 2.005791
4.265000e+03 1.999946
4.268000e+03 1.993420
4.271000e+03 1.983976
4.274000e+03 1.983817
4.277000e+03 1.980806
4.280000e+03 1.979162
4.283000e+03 1.970717
4.286000e+03 1.968068
4.289000e+03 1.956869
4.292000e+03 1.950325
4.295000e+03 1.938140
4.298000e+03 1.926163
4.301000e+03 1.918063
4.304000e+03 1.906896
4.307000e+03 1.904569
4.310000e+03 1.901430
4.313000e+03 1.898009
4.316000e+03 1.892871
4.319000e+03 1.876750
4.322000e+03 1.857098
4.325000e+03 1.812137
4.328000e+03 1.741286
4.331000e+03 1.643831
4.334000e+03 1.517841
4.337000e+03 1.404709
4.340000e+03 1.335316
4.343000e+03 1.342692
4.346000e+03 1.421603
4.349000e+03 1.535244
4.352000e+03 1.647603
4.355000e+03 1.734893
4.358000e+03 1.798166
4.361000e+03 1.825764
4.364000e+03 1.845514
4.367000e+03 1.851598
4.370000e+03 1.859521
4.373000e+03 1.862231
4.376000e+03 1.854017
4.379000e+03 1.839095
4.382000e+03 1.820357
4.385000e+03 1.801858
4.388000e+03 1.795270
4.391000e+03 1.791075
4.394000e+03 1.806951
4.397000e+03 1.821034
4.400000e+03 1.824862
4.403000e+03 1.833161
4.406000e+03 1.830654
4.409000e+03 1.825795
4.412000e+03 1.827108
4.415000e+03 1.811969
4.418000e+03 1.805838
4.421000e+03 1.803679
4.424000e+03 1.801036
4.427000e+03 1.796858
4.430000e+03 1.797463
4.433000e+03 1.794877
4.436000e+03 1.796335
4.439000e+03 1.787007
4.442000e+03 1.789240
4.445000e+03 1.792100
4.448000e+03 1.796814
4.451000e+03 1.790004
4.454000e+03 1.782722
4.457000e+03 1.777275
4.460000e+03 1.767659
4.463000e+03 1.742736
4.466000e+03 1.720629
4.469000e+03 1.703886
4.472000e+03 1.693602
4.475000e+03 1.700486
4.478000e+03 1.719652
4.481000e+03 1.729870
4.484000e+03 1.735229
4.487000e+03 1.746251
4.490000e+03 1.750080
4.493000e+03 1.749173
4.496000e+03 1.751716
4.499000e+03 1.759444
4.502000e+03 1.761195
4.505000e+03 1.766302
4.508000e+03 1.763176
4.511000e+03 1.760067
4.514000e+03 1.754461
4.517000e+03 1.747980
4.520000e+03 1.738209
4.523000e+03 1.715992
4.526000e+03 1.711862
4.529000e+03 1.711769
4.532000e+03 1.709674
4.535000e+03 1.711464
4.538000e+03 1.714024
4.541000e+03 1.716208
4.544000e+03 1.707321
4.547000e+03 1.695636
4.550000e+03 1.691785
4.553000e+03 1.685913
4.556000e+03 1.683999
4.559000e+03 1.686099
4.562000e+03 1.689101
4.565000e+03 1.689623
4.568000e+03 1.687235
4.571000e+03 1.688995
4.574000e+03 1.679679
4.577000e+03 1.676526
4.580000e+03 1.675453
4.583000e+03 1.667927
4.586000e+03 1.667317
4.589000e+03 1.666548
4.592000e+03 1.663621
4.595000e+03 1.660990
4.598000e+03 1.659059
4.601000e+03 1.664435
4.604000e+03 1.665168
4.607000e+03 1.666385
4.610000e+03 1.671221
4.613000e+03 1.666185
4.616000e+03 1.662861
4.619000e+03 1.659205
4.622000e+03 1.659908
4.625000e+03 1.659771
4.628000e+03 1.653430
4.631000e+03 1.644255
4.634000e+03 1.642147
4.637000e+03 1.640188
4.640000e+03 1.640467
4.643000e+03 1.634060
4.646000e+03 1.632292
4.649000e+03 1.632765
4.652000e+03 1.631460
4.655000e+03 1.632663
4.658000e+03 1.625708
4.661000e+03 1.627274
4.664000e+03 1.617401
4.667000e+03 1.612816
4.670000e+03 1.611967
4.673000e+03 1.614133
4.676000e+03 1.612215
4.679000e+03 1.613558
4.682000e+03 1.613593
4.685000e+03 1.614416
4.688000e+03 1.612572
4.691000e+03 1.609053
4.694000e+03 1.607284
4.697000e+03 1.601665
4.700000e+03 1.595316
4.703000e+03 1.592279
4.706000e+03 1.582494
4.709000e+03 1.579807
4.712000e+03 1.574908
4.715000e+03 1.576216
4.718000e+03 1.577529
4.721000e+03 1.579589
4.724000e+03 1.574253
4.727000e+03 1.574514
4.730000e+03 1.574346
4.733000e+03 1.570389
4.736000e+03 1.570269
4.739000e+03 1.569164
4.742000e+03 1.563973
4.745000e+03 1.562307
4.748000e+03 1.562144
4.751000e+03 1.559649
4.754000e+03 1.556015
4.757000e+03 1.482197
4.760000e+03 1.461837
4.763000e+03 1.580872
4.766000e+03 1.553407
4.769000e+03 1.539280
4.772000e+03 1.536641
4.775000e+03 1.541906
4.778000e+03 1.540267
4.781000e+03 1.537746
4.784000e+03 1.531795
4.787000e+03 1.527025
4.790000e+03 1.524504
4.793000e+03 1.524487
4.796000e+03 1.522436
4.799000e+03 1.521622
4.802000e+03 1.518805
4.805000e+03 1.512080
4.808000e+03 1.512797
4.811000e+03 1.510109
4.814000e+03 1.507946
4.817000e+03 1.501916
4.820000e+03 1.503128
4.823000e+03 1.498649
4.826000e+03 1.489275
4.829000e+03 1.483899
4.832000e+03 1.475579
4.835000e+03 1.466457
4.838000e+03 1.459803
4.841000e+03 1.444708
4.844000e+03 1.422655
4.847000e+03 1.390216
4.850000e+03 1.341948
4.853000e+03 1.278096
4.856000e+03 1.202536
4.859000e+03 1.139032
4.862000e+03 1.105930
4.865000e+03 1.113406
4.868000e+03 1.160065
4.871000e+03 1.218514
4.874000e+03 1.278701
4.877000e+03 1.327655
4.880000e+03 1.361021
4.883000e+03 1.366483
4.886000e+03 1.391587
4.889000e+03 1.414409
4.892000e+03 1.424375
4.895000e+03 1.432444
4.898000e+03 1.437621
4.901000e+03 1.441856
4.904000e+03 1.441662
4.907000e+03 1.438969
4.910000e+03 1.436056
4.913000e+03 1.424977
4.916000e+03 1.408803
4.919000e+03 1.392153
4.922000e+03 1.388527
4.925000e+03 1.390092
4.928000e+03 1.400341
4.931000e+03 1.410395
4.934000e+03 1.419428
4.937000e+03 1.421740
4.940000e+03 1.423292
4.943000e+03 1.426392
4.946000e+03 1.429177
4.949000e+03 1.425927
4.952000e+03 1.428593
4.955000e+03 1.425648
4.958000e+03 1.420843
4.961000e+03 1.417760
4.964000e+03 1.415457
4.967000e+03 1.416766
4.970000e+03 1.415749
4.973000e+03 1.415546
4.976000e+03 1.412398
4.979000e+03 1.411792
4.982000e+03 1.394293
4.985000e+03 1.388540
4.988000e+03 1.388474
4.991000e+03 1.390720
4.994000e+03 1.389804
4.997000e+03 1.385295
5.000000e+03 1.376762
5.003000e+03 1.377567
5.006000e+03 1.370050
5.009000e+03 1.366425
5.012000e+03 1.354505
5.015000e+03 1.348372
5.018000e+03 1.349075
5.021000e+03 1.347993
5.024000e+03 1.356247
5.027000e+03 1.364541
5.030000e+03 1.365691
5.033000e+03 1.366222
5.036000e+03 1.355937
5.039000e+03 1.351512
5.042000e+03 1.348886
5.045000e+03 1.348912
5.048000e+03 1.352833
5.051000e+03 1.354253
5.054000e+03 1.358378
5.057000e+03 1.358953
5.060000e+03 1.361844
5.063000e+03 1.359134
5.066000e+03 1.357167
5.069000e+03 1.344000
5.072000e+03 1.341024
5.075000e+03 1.339406
5.078000e+03 1.338836
5.081000e+03 1.337929
5.084000e+03 1.340626
5.087000e+03 1.340794
5.090000e+03 1.345039
5.093000e+03 1.343089
5.096000e+03 1.343230
5.099000e+03 1.338836
5.102000e+03 1.331735
5.105000e+03 1.328685
5.108000e+03 1.330616
5.111000e+03 1.329357
5.114000e+03 1.329741
5.117000e+03 1.329131
5.120000e+03 1.324365
5.123000e+03 1.319267
5.126000e+03 1.315903
5.129000e+03 1.313891
5.132000e+03 1.311799
5.135000e+03 1.310863
5.138000e+03 1.308152
5.141000e+03 1.305168
5.144000e+03 1.302912
5.147000e+03 1.300520
5.150000e+03 1.298036
5.153000e+03 1.281664
5.156000e+03 1.275801
5.159000e+03 1.302577
5.162000e+03 1.291528
5.165000e+03 1.279604
5.168000e+03 1.268997
5.171000e+03 1.266415
5.174000e+03 1.269943
5.177000e+03 1.273988
5.180000e+03 1.272662
5.183000e+03 1.275461
5.186000e+03 1.274382
5.189000e+03 1.271769
5.192000e+03 1.271619
5.195000e+03 1.272410
5.198000e+03 1.269903
5.201000e+03 1.266061
5.204000e+03 1.262418
5.207000e+03 1.260415
5.210000e+03 1.261944
5.213000e+03 1.265142
5.216000e+03 1.267670
5.219000e+03 1.264903
5.222000e+03 1.259340
5.225000e+03 1.257338
5.228000e+03 1.253283
5.231000e+03 1.251829
5.234000e+03 1.253791
5.237000e+03 1.257063
5.240000e+03 1.260472
5.243000e+03 1.259933
5.246000e+03 1.253508
5.249000e+03 1.243831
5.252000e+03 1.242871
5.255000e+03 1.242938
5.258000e+03 1.238799
5.261000e+03 1.229815
5.264000e+03 1.221720
5.267000e+03 1.214120
5.270000e+03 1.208818
5.273000e+03 1.214044
5.276000e+03 1.220490
5.279000e+03 1.225460
5.282000e+03 1.231848
5.285000e+03 1.236146
5.288000e+03 1.239763
5.291000e+03 1.237574
5.294000e+03 1.233879
5.297000e+03 1.226862
5.300000e+03 1.223806
5.303000e+03 1.226251
5.306000e+03 1.228413
5.309000e+03 1.228891
5.312000e+03 1.227816
5.315000e+03 1.226871
5.318000e+03 1.221866
5.321000e+03 1.214168
5.324000e+03 1.205303
5.327000e+03 1.200563
5.330000e+03 1.197394
5.333000e+03 1.198902
5.336000e+03 1.205325
5.339000e+03 1.207054
5.342000e+03 1.205786
5.345000e+03 1.208186
5.348000e+03 1.211793
5.351000e+03 1.216295
5.354000e+03 1.218846
5.357000e+03 1.220053
5.360000e+03 1.220309
5.363000e+03 1.214455
5.366000e+03 1.207841
5.369000e+03 1.203764
5.372000e+03 1.201324
5.375000e+03 1.201837
5.378000e+03 1.206700
5.381000e+03 1.207310
5.384000e+03 1.207624
5.387000e+03 1.203385
5.390000e+03 1.199020
5.393000e+03 1.192371
5.396000e+03 1.191960
5.399000e+03 1.187096
5.402000e+03 1.183007
5.405000e+03 1.184294
5.408000e+03 1.184736
5.411000e+03 1.187043
5.414000e+03 1.188838
5.417000e+03 1.190814
5.420000e+03 1.197013
5.423000e+03 1.199604
5.426000e+03 1.194670
5.429000e+03 1.191876
5.432000e+03 1.187932
5.435000e+03 1.189718
5.438000e+03 1.194126
5.441000e+03 1.199453
5.444000e+03 1.201660
5.447000e+03 1.201103
5.450000e+03 1.199932
5.453000e+03 1.199011
5.456000e+03 1.201863
5.459000e+03 1.202823
5.462000e+03 1.201868
5.465000e+03 1.200498
5.468000e+03 1.198879
5.471000e+03 1.197111
5.474000e+03 1.195987
5.477000e+03 1.191301
5.480000e+03 1.190244
5.483000e+03 1.191111
5.486000e+03 1.196231
5.489000e+03 1.198057
5.492000e+03 1.200816
5.495000e+03 1.201501
5.498000e+03 1.200749
5.501000e+03 1.192583
5.504000e+03 1.177286
5.507000e+03 1.189254
5.510000e+03 1.193910
5.513000e+03 1.202044
5.516000e+03 1.189996
5.519000e+03 1.221684
5.522000e+03 0.913249
5.525000e+03 0.927596
5.528000e+03 0.916384
5.531000e+03 0.948376
5.534000e+03 1.221777
5.537000e+03 1.194851
5.540000e+03 1.199467
5.543000e+03 1.202403
5.546000e+03 1.204110
5.549000e+03 1.203548
5.552000e+03 1.202566
5.555000e+03 1.200868
5.558000e+03 1.199357
5.561000e+03 1.187446
5.564000e+03 1.173178
5.567000e+03 1.178418
5.570000e+03 1.199662
5.573000e+03 1.202708
5.576000e+03 1.209384
5.579000e+03 1.202938
5.582000e+03 1.171680
5.585000e+03 1.157531
5.588000e+03 1.161302
5.591000e+03 1.166834
5.594000e+03 1.166838
5.597000e+03 1.167589
5.600000e+03 1.166117
5.603000e+03 1.168920
5.606000e+03 1.173646
5.609000e+03 1.170287
5.612000e+03 1.163760
5.615000e+03 1.161683
5.618000e+03 1.156921
5.621000e+03 1.154361
5.624000e+03 1.150784
5.627000e+03 1.155603
5.630000e+03 1.153384
5.633000e+03 1.147950
5.636000e+03 1.145536
5.639000e+03 1.139801
5.642000e+03 1.135658
5.645000e+03 1.132343
5.648000e+03 1.129362
5.651000e+03 1.124716
5.654000e+03 1.120940
5.657000e+03 1.110537
5.660000e+03 1.106792
5.663000e+03 1.104586
5.666000e+03 1.106650
5.669000e+03 1.104736
5.672000e+03 1.108954
5.675000e+03 1.107552
5.678000e+03 1.106885
5.681000e+03 1.098281
5.684000e+03 1.089358
5.687000e+03 1.088236
5.690000e+03 1.085659
5.693000e+03 1.082121
5.696000e+03 1.078703
5.699000e+03 1.071850
5.702000e+03 1.066342
5.705000e+03 1.058206
5.708000e+03 1.049134
5.711000e+03 1.053307
5.714000e+03 1.055739
5.717000e+03 1.059780
5.720000e+03 1.062747
5.723000e+03 1.062000
5.726000e+03 1.060718
5.729000e+03 1.056164
5.732000e+03 1.050486
5.735000e+03 1.049505
5.738000e+03 1.048771
5.741000e+03 1.047153
5.744000e+03 1.041070
5.747000e+03 1.035923
5.750000e+03 1.036383
5.753000e+03 1.032355
5.756000e+03 1.029211
5.759000e+03 1.031740
5.762000e+03 1.027681
5.765000e+03 1.028981
5.768000e+03 1.029176
5.771000e+03 1.021611
5.774000e+03 1.017127
5.777000e+03 1.011932
5.780000e+03 1.009814
5.783000e+03 1.006636
5.786000e+03 1.007228
5.789000e+03 1.010328
5.792000e+03 1.016248
5.795000e+03 1.018344
5.798000e+03 1.017972
5.801000e+03 1.019356
5.804000e+03 1.021731
5.807000e+03 1.018396
5.810000e+03 1.021770
5.813000e+03 1.023039
5.816000e+03 1.018061
5.819000e+03 1.023640
5.822000e+03 1.024807
5.825000e+03 1.024126
5.828000e+03 1.022756
5.831000e+03 1.022632
5.834000e+03 1.020873
5.837000e+03 1.021969
5.840000e+03 1.016929
5.843000e+03 1.015598
5.846000e+03 1.014015
5.849000e+03 1.008157
5.852000e+03 1.005296
5.855000e+03 1.003404
5.858000e+03 1.005102
5.861000e+03 1.003258
5.864000e+03 1.006087
5.867000e+03 1.007025
5.870000e+03 1.000000
5.873000e+03 0.988924
5.876000e+03 0.978760
5.879000e+03 0.973546
5.882000e+03 0.963555
5.885000e+03 0.955778
5.888000e+03 0.945392
5.891000e+03 0.943893
5.894000e+03 0.949920
5.897000e+03 0.960098
5.900000e+03 0.975616
5.903000e+03 0.986103
5.906000e+03 0.990688
5.909000e+03 0.987063
5.912000e+03 0.987575
5.915000e+03 0.987854
5.918000e+03 0.989724
5.921000e+03 0.989924
5.924000e+03 0.992806
5.927000e+03 0.990649
5.930000e+03 0.988305
5.933000e+03 0.988062
5.936000e+03 0.981346
5.939000e+03 0.979639
5.942000e+03 0.981381
5.945000e+03 0.980453
5.948000e+03 0.979763
5.951000e+03 0.985056
5.954000e+03 0.983367
5.957000e+03 0.979984
5.960000e+03 0.981235
5.963000e+03 0.982115
5.966000e+03 0.985869
5.969000e+03 0.990166
5.972000e+03 0.982323
5.975000e+03 0.979445
5.978000e+03 0.975921
5.981000e+03 0.974528
5.984000e+03 0.972712
5.987000e+03 0.970010
5.990000e+03 0.972388
5.993000e+03 0.971876
5.996000e+03 0.974750
5.999000e+03 0.968635
6.002000e+03 0.966256
6.005000e+03 0.964156
6.008000e+03 0.962392
6.011000e+03 0.961163
6.014000e+03 0.961052
6.017000e+03 0.959094
6.020000e+03 0.961472
6.023000e+03 0.962105
6.026000e+03 0.963590
6.029000e+03 0.963891
6.032000e+03 0.968273
6.035000e+03 0.966623
6.038000e+03 0.967379
6.041000e+03 0.964970
6.044000e+03 0.964828
6.047000e+03 0.963860
6.050000e+03 0.958881
6.053000e+03 0.961627
6.056000e+03 0.960875
6.059000e+03 0.955331
6.062000e+03 0.953098
6.065000e+03 0.953279
6.068000e+03 0.951931
6.071000e+03 0.954407
6.074000e+03 0.948845
6.077000e+03 0.944932
6.080000e+03 0.942324
6.083000e+03 0.939268
6.086000e+03 0.941908
6.089000e+03 0.940294
6.092000e+03 0.936788
6.095000e+03 0.935841
6.098000e+03 0.933716
6.101000e+03 0.932105
6.104000e+03 0.927485
6.107000e+03 0.930067
6.110000e+03 0.929926
6.113000e+03 0.924546
6.116000e+03 0.923392
6.119000e+03 0.928724
6.122000e+03 0.928724
6.125000e+03 0.921522
6.128000e+03 0.917356
6.131000e+03 0.911830
6.134000e+03 0.907908
6.137000e+03 0.905357
6.140000e+03 0.907815
6.143000e+03 0.904464
6.146000e+03 0.906485
6.149000e+03 0.905233
6.152000e+03 0.903173
6.155000e+03 0.897266
6.158000e+03 0.893300
6.161000e+03 0.891333
6.164000e+03 0.889445
6.167000e+03 0.891439
6.170000e+03 0.891072
6.173000e+03 0.893110
6.176000e+03 0.897195
6.179000e+03 0.900197
6.182000e+03 0.897602
6.185000e+03 0.895869
6.188000e+03 0.896138
6.191000e+03 0.891289
6.194000e+03 0.890793
6.197000e+03 0.891761
6.200000e+03 0.888627
6.203000e+03 0.893335
6.206000e+03 0.891200
6.209000e+03 0.888078
6.212000e+03 0.884736
6.215000e+03 0.880823
6.218000e+03 0.876716
6.221000e+03 0.873757
6.224000e+03 0.877697
6.227000e+03 0.878131
6.230000e+03 0.874182
