3.626000e+03 2.370088
3.629000e+03 2.366087
3.632000e+03 2.343153
3.635000e+03 2.359271
3.638000e+03 2.345656
3.641000e+03 2.353061
3.644000e+03 2.372193
3.647000e+03 2.374032
3.650000e+03 2.372042
3.653000e+03 2.368391
3.656000e+03 2.369974
3.659000e+03 2.370695
3.662000e+03 2.364229
3.665000e+03 2.353307
3.668000e+03 2.340641
3.671000e+03 2.335322
3.674000e+03 2.341522
3.677000e+03 2.322409
3.680000e+03 2.299474
3.683000e+03 2.312596
3.686000e+03 2.285405
3.689000e+03 2.271468
3.692000e+03 2.262375
3.695000e+03 2.238342
3.698000e+03 2.215416
3.701000e+03 2.193687
3.704000e+03 2.176138
3.707000e+03 2.178887
3.710000e+03 2.185570
3.713000e+03 2.196426
3.716000e+03 2.203186
3.719000e+03 2.188301
3.722000e+03 2.192558
3.725000e+03 2.186186
3.728000e+03 2.180687
3.731000e+03 2.186064
3.734000e+03 2.198607
3.737000e+03 2.207898
3.740000e+03 2.213018
3.743000e+03 2.197677
3.746000e+03 2.173349
3.749000e+03 2.187164
3.752000e+03 2.218972
3.755000e+03 2.265845
3.758000e+03 2.274938
3.761000e+03 2.237308
3.764000e+03 2.185646
3.767000e+03 2.158322
3.770000e+03 2.171368
3.773000e+03 2.237176
3.776000e+03 2.308273
3.779000e+03 2.372923
3.782000e+03 2.377701
3.785000e+03 2.336800
3.788000e+03 2.252904
3.791000e+03 2.183940
3.794000e+03 2.118218
3.797000e+03 2.113563
3.800000e+03 2.171444
3.803000e+03 2.251548
3.806000e+03 2.328780
3.809000e+03 2.353961
3.812000e+03 2.353222
3.815000e+03 2.333862
3.818000e+03 2.298043
3.821000e+03 2.266832
3.824000e+03 2.215246
3.827000e+03 2.143257
3.830000e+03 2.085395
3.833000e+03 2.060839
3.836000e+03 2.097265
3.839000e+03 2.192179
3.842000e+03 2.282030
3.845000e+03 2.357469
3.848000e+03 2.390415
3.851000e+03 2.413909
3.854000e+03 2.404722
3.857000e+03 2.401537
3.860000e+03 2.375473
3.863000e+03 2.358417
3.866000e+03 2.341589
3.869000e+03 2.321660
3.872000e+03 2.288675
3.875000e+03 2.234625
3.878000e+03 2.156995
3.881000e+03 2.071989
3.884000e+03 2.011226
3.887000e+03 2.004447
3.890000e+03 2.043119
3.893000e+03 2.128694
3.896000e+03 2.218952
3.899000e+03 2.276190
3.902000e+03 2.317384
3.905000e+03 2.325907
3.908000e+03 2.327936
3.911000e+03 2.313127
3.914000e+03 2.295180
3.917000e+03 2.272084
3.920000e+03 2.240825
3.923000e+03 2.211605
3.926000e+03 2.195782
3.929000e+03 2.196910
3.932000e+03 2.208913
3.935000e+03 2.236294
3.938000e+03 2.255587
3.941000e+03 2.260233
3.944000e+03 2.257844
3.947000e+03 2.246562
3.950000e+03 2.223343
3.953000e+03 2.180337
3.956000e+03 2.105646
3.959000e+03 2.000323
3.962000e+03 1.903892
3.965000e+03 1.837184
3.968000e+03 1.827353
3.971000e+03 1.887566
3.974000e+03 1.983210
3.977000e+03 2.078692
3.980000e+03 2.139749
3.983000e+03 2.181636
3.986000e+03 2.193705
3.989000e+03 2.192464
3.992000e+03 2.197260
3.995000e+03 2.192075
3.998000e+03 2.176450
4.001000e+03 2.160228
4.004000e+03 2.150994
4.007000e+03 2.143693
4.010000e+03 2.134440
4.013000e+03 2.122219
4.016000e+03 2.100593
4.019000e+03 2.066652
4.022000e+03 2.047434
4.025000e+03 2.045651
4.028000e+03 2.063153
4.031000e+03 2.097966
4.034000e+03 2.119289
4.037000e+03 2.127926
4.040000e+03 2.128827
4.043000e+03 2.123604
4.046000e+03 2.115554
4.049000e+03 2.112729
4.052000e+03 2.102954
4.055000e+03 2.092449
4.058000e+03 2.075715
4.061000e+03 2.058478
4.064000e+03 2.033515
4.067000e+03 2.010524
4.070000e+03 1.993782
4.073000e+03 1.987305
4.076000e+03 1.987722
4.079000e+03 1.985239
4.082000e+03 1.976867
4.085000e+03 1.945978
4.088000e+03 1.892638
4.091000e+03 1.820972
4.094000e+03 1.753478
4.097000e+03 1.701807
4.100000e+03 1.691624
4.103000e+03 1.726875
4.106000e+03 1.789411
4.109000e+03 1.846846
4.112000e+03 1.880579
4.115000e+03 1.897342
4.118000e+03 1.909827
4.121000e+03 1.922001
4.124000e+03 1.935758
4.127000e+03 1.941722
4.130000e+03 1.939474
4.133000e+03 1.925319
4.136000e+03 1.910283
4.139000e+03 1.895274
4.142000e+03 1.889046
4.145000e+03 1.896516
4.148000e+03 1.912662
4.151000e+03 1.925992
4.154000e+03 1.932676
4.157000e+03 1.936412
4.160000e+03 1.931947
4.163000e+03 1.930439
4.166000e+03 1.922266
4.169000e+03 1.918189
4.172000e+03 1.914549
4.175000e+03 1.914284
4.178000e+03 1.910823
4.181000e+03 1.905608
4.184000e+03 1.900622
4.187000e+03 1.895274
4.190000e+03 1.891880
4.193000e+03 1.889946
4.196000e+03 1.886172
4.199000e+03 1.882911
4.202000e+03 1.882902
4.205000e+03 1.884352
4.208000e+03 1.882390
4.211000e+03 1.884770
4.214000e+03 1.879043
4.217000e+03 1.874132
4.220000e+03 1.869344
4.223000e+03 1.860934
4.226000e+03 1.854904
4.229000e+03 1.852951
4.232000e+03 1.848296
4.235000e+03 1.843101
4.238000e+03 1.835459
4.241000e+03 1.831041
4.244000e+03 1.825883
4.247000e+03 1.815606
4.250000e+03 1.812117
4.253000e+03 1.809860
4.256000e+03 1.809197
4.259000e+03 1.810998
4.262000e+03 1.803224
4.265000e+03 1.797157
4.268000e+03 1.783987
4.271000e+03 1.781105
4.274000e+03 1.773340
4.277000e+03 1.766789
4.280000e+03 1.759564
4.283000e+03 1.755317
4.286000e+03 1.750814
4.289000e+03 1.748567
4.292000e+03 1.746490
4.295000e+03 1.742784
4.298000e+03 1.738213
4.301000e+03 1.731179
4.304000e+03 1.727718
4.307000e+03 1.726058
4.310000e+03 1.722171
4.313000e+03 1.717867
4.316000e+03 1.712453
4.319000e+03 1.701466
4.322000e+03 1.688267
4.325000e+03 1.662755
4.328000e+03 1.621854
4.331000e+03 1.567613
4.334000e+03 1.513193
4.337000e+03 1.472131
4.340000e+03 1.459474
4.343000e+03 1.486779
4.346000e+03 1.540195
4.349000e+03 1.594520
4.352000e+03 1.641223
4.355000e+03 1.671164
4.358000e+03 1.679355
4.361000e+03 1.679309
4.364000e+03 1.676588
4.367000e+03 1.671913
4.370000e+03 1.669277
4.373000e+03 1.663902
4.376000e+03 1.650723
4.379000e+03 1.628775
4.382000e+03 1.609016
4.385000e+03 1.600521
4.388000e+03 1.600237
4.391000e+03 1.614449
4.394000e+03 1.630909
4.397000e+03 1.639858
4.400000e+03 1.641470
4.403000e+03 1.633961
4.406000e+03 1.621390
4.409000e+03 1.611842
4.412000e+03 1.603660
4.415000e+03 1.599735
4.418000e+03 1.597184
4.421000e+03 1.601849
4.424000e+03 1.602892
4.427000e+03 1.597422
4.430000e+03 1.596018
4.433000e+03 1.590207
4.436000e+03 1.584745
4.439000e+03 1.579844
4.442000e+03 1.577019
4.445000e+03 1.576536
4.448000e+03 1.575577
4.451000e+03 1.570259
4.454000e+03 1.563357
4.457000e+03 1.554331
4.460000e+03 1.534449
4.463000e+03 1.507675
4.466000e+03 1.494507
4.469000e+03 1.488172
4.472000e+03 1.497407
4.475000e+03 1.521176
4.478000e+03 1.546102
4.481000e+03 1.558209
4.484000e+03 1.562741
4.487000e+03 1.566864
4.490000e+03 1.568543
4.493000e+03 1.572734
4.496000e+03 1.578877
4.499000e+03 1.586442
4.502000e+03 1.586879
4.505000e+03 1.583712
4.508000e+03 1.578147
4.511000e+03 1.572155
4.514000e+03 1.562684
4.517000e+03 1.554663
4.520000e+03 1.545884
4.523000e+03 1.534790
4.526000e+03 1.529083
4.529000e+03 1.524969
4.532000e+03 1.527907
4.535000e+03 1.527121
4.538000e+03 1.526400
4.541000e+03 1.518824
4.544000e+03 1.507154
4.547000e+03 1.496611
4.550000e+03 1.496279
4.553000e+03 1.499057
4.556000e+03 1.503162
4.559000e+03 1.506660
4.562000e+03 1.506385
4.565000e+03 1.502935
4.568000e+03 1.495293
4.571000e+03 1.495615
4.574000e+03 1.500546
4.577000e+03 1.500423
4.580000e+03 1.503295
4.583000e+03 1.500821
4.586000e+03 1.491434
4.589000e+03 1.485708
4.592000e+03 1.478967
4.595000e+03 1.480484
4.598000e+03 1.483243
4.601000e+03 1.490088
4.604000e+03 1.497645
4.607000e+03 1.499285
4.610000e+03 1.503162
4.613000e+03 1.504499
4.616000e+03 1.507134
4.619000e+03 1.502366
4.622000e+03 1.500583
4.625000e+03 1.494601
4.628000e+03 1.483954
4.631000e+03 1.471297
4.634000e+03 1.460090
4.637000e+03 1.446229
4.640000e+03 1.428908
4.643000e+03 1.418971
4.646000e+03 1.415322
4.649000e+03 1.419332
4.652000e+03 1.434273
4.655000e+03 1.448619
4.658000e+03 1.453890
4.661000e+03 1.455189
4.664000e+03 1.448230
4.667000e+03 1.447424
4.670000e+03 1.442162
4.673000e+03 1.440844
4.676000e+03 1.440322
4.679000e+03 1.440133
4.682000e+03 1.441384
4.685000e+03 1.441849
4.688000e+03 1.445651
4.691000e+03 1.448173
4.694000e+03 1.439783
4.697000e+03 1.428197
4.700000e+03 1.416621
4.703000e+03 1.404343
4.706000e+03 1.397952
4.709000e+03 1.396331
4.712000e+03 1.401782
4.715000e+03 1.413758
4.718000e+03 1.422271
4.721000e+03 1.425570
4.724000e+03 1.422508
4.727000e+03 1.421504
4.730000e+03 1.416744
4.733000e+03 1.414155
4.736000e+03 1.412183
4.739000e+03 1.414772
4.742000e+03 1.416298
4.745000e+03 1.416763
4.748000e+03 1.417228
4.751000e+03 1.441953
4.754000e+03 1.405737
4.757000e+03 1.368695
4.760000e+03 1.370363
4.763000e+03 1.380422
4.766000e+03 1.383267
4.769000e+03 1.387988
4.772000e+03 1.389723
4.775000e+03 1.389496
4.778000e+03 1.384518
4.781000e+03 1.381200
4.784000e+03 1.378754
4.787000e+03 1.379654
4.790000e+03 1.381597
4.793000e+03 1.381427
4.796000e+03 1.380365
4.799000e+03 1.377739
4.802000e+03 1.372335
4.805000e+03 1.369643
4.808000e+03 1.366448
4.811000e+03 1.368941
4.814000e+03 1.364779
4.817000e+03 1.363110
4.820000e+03 1.358284
4.823000e+03 1.354473
4.826000e+03 1.351639
4.829000e+03 1.352548
4.832000e+03 1.349818
4.835000e+03 1.347571
4.838000e+03 1.343636
4.841000e+03 1.335388
4.844000e+03 1.323177
4.847000e+03 1.305049
4.850000e+03 1.286135
4.853000e+03 1.265703
4.856000e+03 1.243291
4.859000e+03 1.219550
4.862000e+03 1.210278
4.865000e+03 1.217170
4.868000e+03 1.239839
4.871000e+03 1.264167
4.874000e+03 1.280872
4.877000e+03 1.292392
4.880000e+03 1.294478
4.883000e+03 1.297749
4.886000e+03 1.305504
4.889000e+03 1.318607
4.892000e+03 1.330563
4.895000e+03 1.334335
4.898000e+03 1.336459
4.901000e+03 1.330913
4.904000e+03 1.323413
4.907000e+03 1.316967
4.910000e+03 1.302783
4.913000e+03 1.274103
4.916000e+03 1.254459
4.919000e+03 1.250145
4.922000e+03 1.257313
4.925000e+03 1.271506
4.928000e+03 1.287319
4.931000e+03 1.295454
4.934000e+03 1.295757
4.937000e+03 1.294630
4.940000e+03 1.301095
4.943000e+03 1.311012
4.946000e+03 1.315080
4.949000e+03 1.307011
4.952000e+03 1.300280
4.955000e+03 1.294146
4.958000e+03 1.285556
4.961000e+03 1.280608
4.964000e+03 1.282921
4.967000e+03 1.285784
4.970000e+03 1.286656
4.973000e+03 1.279621
4.976000e+03 1.268822
4.979000e+03 1.260261
4.982000e+03 1.252487
4.985000e+03 1.249984
4.988000e+03 1.248504
4.991000e+03 1.244627
4.994000e+03 1.239137
4.997000e+03 1.232359
5.000000e+03 1.226480
5.003000e+03 1.220887
5.006000e+03 1.208723
5.009000e+03 1.201479
5.012000e+03 1.198304
5.015000e+03 1.198910
5.018000e+03 1.206030
5.021000e+03 1.223807
5.024000e+03 1.237934
5.027000e+03 1.241384
5.030000e+03 1.232482
5.033000e+03 1.216487
5.036000e+03 1.213700
5.039000e+03 1.217398
5.042000e+03 1.220024
5.045000e+03 1.230538
5.048000e+03 1.242143
5.051000e+03 1.251757
5.054000e+03 1.256800
5.057000e+03 1.257663
5.060000e+03 1.252288
5.063000e+03 1.245945
5.066000e+03 1.243479
5.069000e+03 1.240967
5.072000e+03 1.233639
5.075000e+03 1.225390
5.078000e+03 1.224803
5.081000e+03 1.227703
5.084000e+03 1.237222
5.087000e+03 1.249320
5.090000e+03 1.253140
5.093000e+03 1.251747
5.096000e+03 1.247984
5.099000e+03 1.239622
5.102000e+03 1.226604
5.105000e+03 1.221560
5.108000e+03 1.224945
5.111000e+03 1.233202
5.114000e+03 1.233487
5.117000e+03 1.226983
5.120000e+03 1.215369
5.123000e+03 1.207244
5.126000e+03 1.205727
5.129000e+03 1.210411
5.132000e+03 1.213084
5.135000e+03 1.208732
5.138000e+03 1.201887
5.141000e+03 1.193611
5.144000e+03 1.185732
5.147000e+03 1.189600
5.150000e+03 1.199706
5.153000e+03 1.211226
5.156000e+03 1.209955
5.159000e+03 1.193325
5.162000e+03 1.171557
5.165000e+03 1.151951
5.168000e+03 1.147021
5.171000e+03 1.155279
5.174000e+03 1.167073
5.177000e+03 1.174260
5.180000e+03 1.178905
5.183000e+03 1.175075
5.186000e+03 1.165366
5.189000e+03 1.160948
5.192000e+03 1.160806
5.195000e+03 1.158891
5.198000e+03 1.153468
5.201000e+03 1.148310
5.204000e+03 1.144859
5.207000e+03 1.148367
5.210000e+03 1.153383
5.213000e+03 1.161205
5.216000e+03 1.160730
5.219000e+03 1.156331
5.222000e+03 1.155174
5.225000e+03 1.158663
5.228000e+03 1.164589
5.231000e+03 1.175701
5.234000e+03 1.185144
5.237000e+03 1.182603
5.240000e+03 1.173179
5.243000e+03 1.153193
5.246000e+03 1.138611
5.249000e+03 1.137587
5.252000e+03 1.144518
5.255000e+03 1.146148
5.258000e+03 1.138489
5.261000e+03 1.129983
5.264000e+03 1.121413
5.267000e+03 1.123945
5.270000e+03 1.133663
5.273000e+03 1.147314
5.276000e+03 1.159820
5.279000e+03 1.172932
5.282000e+03 1.182281
5.285000e+03 1.181788
5.288000e+03 1.173956
5.291000e+03 1.162579
5.294000e+03 1.155250
5.297000e+03 1.152577
5.300000e+03 1.158806
5.303000e+03 1.167329
5.306000e+03 1.176791
5.309000e+03 1.181816
5.312000e+03 1.180071
5.315000e+03 1.169349
5.318000e+03 1.156502
5.321000e+03 1.143608
5.324000e+03 1.136393
5.327000e+03 1.137768
5.330000e+03 1.142840
5.333000e+03 1.146840
5.336000e+03 1.149970
5.339000e+03 1.152937
5.342000e+03 1.156615
5.345000e+03 1.168259
5.348000e+03 1.180963
5.351000e+03 1.192388
5.354000e+03 1.196881
5.357000e+03 1.188377
5.360000e+03 1.177322
5.363000e+03 1.161090
5.366000e+03 1.157393
5.369000e+03 1.163404
5.372000e+03 1.169899
5.375000e+03 1.174601
5.378000e+03 1.176222
5.381000e+03 1.170894
5.384000e+03 1.161745
5.387000e+03 1.149011
5.390000e+03 1.136734
5.393000e+03 1.134108
5.396000e+03 1.130182
5.399000e+03 1.122987
5.402000e+03 1.120569
5.405000e+03 1.126295
5.408000e+03 1.134658
5.411000e+03 1.142878
5.414000e+03 1.152975
5.417000e+03 1.158379
5.420000e+03 1.155488
5.423000e+03 1.144907
5.426000e+03 1.132250
5.429000e+03 1.133122
5.432000e+03 1.142385
5.435000e+03 1.158038
5.438000e+03 1.164579
5.441000e+03 1.165433
5.444000e+03 1.156625
5.447000e+03 1.145087
5.450000e+03 1.137758
5.453000e+03 1.138061
5.456000e+03 1.139094
5.459000e+03 1.147192
5.462000e+03 1.152264
5.465000e+03 1.151240
5.468000e+03 1.144604
5.471000e+03 1.137967
5.474000e+03 1.137009
5.477000e+03 1.140887
5.480000e+03 1.148395
5.483000e+03 1.153951
5.486000e+03 1.159365
5.489000e+03 1.160105
5.492000e+03 1.155117
5.495000e+03 1.149875
5.498000e+03 1.145276
5.501000e+03 1.140896
5.504000e+03 1.134421
5.507000e+03 1.133349
5.510000e+03 1.150292
5.513000e+03 1.153933
5.516000e+03 1.137246
5.519000e+03 1.139227
5.522000e+03 1.132932
5.525000e+03 1.168372
5.528000e+03 1.160891
5.531000e+03 1.164029
5.534000e+03 1.170268
5.537000e+03 1.176090
5.540000e+03 1.181000
5.543000e+03 1.185845
5.546000e+03 1.187068
5.549000e+03 1.188197
5.552000e+03 1.186765
5.555000e+03 1.183807
5.558000e+03 1.172799
5.561000e+03 1.162389
5.564000e+03 1.155259
5.567000e+03 1.151629
5.570000e+03 1.157659
5.573000e+03 1.158019
5.576000e+03 1.158237
5.579000e+03 1.149950
5.582000e+03 1.138232
5.585000e+03 1.129500
5.588000e+03 1.126050
5.591000e+03 1.123262
5.594000e+03 1.123792
5.597000e+03 1.125888
5.600000e+03 1.129595
5.603000e+03 1.138469
5.606000e+03 1.140450
5.609000e+03 1.134904
5.612000e+03 1.127339
5.615000e+03 1.119527
5.618000e+03 1.111847
5.621000e+03 1.112928
5.624000e+03 1.117232
5.627000e+03 1.118018
5.630000e+03 1.114994
5.633000e+03 1.108642
5.636000e+03 1.103750
5.639000e+03 1.102650
5.642000e+03 1.105334
5.645000e+03 1.110112
5.648000e+03 1.105911
5.651000e+03 1.095653
5.654000e+03 1.085139
5.657000e+03 1.078331
5.660000e+03 1.072378
5.663000e+03 1.070055
5.666000e+03 1.076966
5.669000e+03 1.081384
5.672000e+03 1.082693
5.675000e+03 1.080465
5.678000e+03 1.071439
5.681000e+03 1.062603
5.684000e+03 1.064148
5.687000e+03 1.064708
5.690000e+03 1.062062
5.693000e+03 1.055768
5.696000e+03 1.046637
5.699000e+03 1.034473
5.702000e+03 1.023987
5.705000e+03 1.019606
5.708000e+03 1.026300
5.711000e+03 1.037791
5.714000e+03 1.053624
5.717000e+03 1.064053
5.720000e+03 1.064196
5.723000e+03 1.061844
5.726000e+03 1.059683
5.729000e+03 1.058004
5.732000e+03 1.051538
5.735000e+03 1.047784
5.738000e+03 1.046314
5.741000e+03 1.045290
5.744000e+03 1.044115
5.747000e+03 1.043670
5.750000e+03 1.043499
5.753000e+03 1.042475
5.756000e+03 1.039735
5.759000e+03 1.042048
5.762000e+03 1.044209
5.765000e+03 1.041717
5.768000e+03 1.043622
5.771000e+03 1.045404
5.774000e+03 1.037848
5.777000e+03 1.030140
5.780000e+03 1.027874
5.783000e+03 1.032548
5.786000e+03 1.036255
5.789000e+03 1.042285
5.792000e+03 1.050107
5.795000e+03 1.051169
5.798000e+03 1.051567
5.801000e+03 1.048505
5.804000e+03 1.048913
5.807000e+03 1.048638
5.810000e+03 1.048201
5.813000e+03 1.048571
5.816000e+03 1.052401
5.819000e+03 1.055283
5.822000e+03 1.061190
5.825000e+03 1.064101
5.828000e+03 1.063267
5.831000e+03 1.064812
5.834000e+03 1.066423
5.837000e+03 1.065798
5.840000e+03 1.063409
5.843000e+03 1.053776
5.846000e+03 1.036540
5.849000e+03 1.023485
5.852000e+03 1.015776
5.855000e+03 1.010477
5.858000e+03 1.010259
5.861000e+03 1.014013
5.864000e+03 1.014933
5.867000e+03 1.010866
5.870000e+03 1.000000
5.873000e+03 0.987941
5.876000e+03 0.972525
5.879000e+03 0.957498
5.882000e+03 0.941706
5.885000e+03 0.924012
5.888000e+03 0.913064
5.891000e+03 0.913483
5.894000e+03 0.928178
5.897000e+03 0.950301
5.900000e+03 0.970467
5.903000e+03 0.985523
5.906000e+03 0.987447
5.909000e+03 0.983826
5.912000e+03 0.979208
5.915000e+03 0.979806
5.918000e+03 0.986187
5.921000e+03 0.990434
5.924000e+03 0.995374
5.927000e+03 0.994245
5.930000e+03 0.986670
5.933000e+03 0.980934
5.936000e+03 0.978791
5.939000e+03 0.979740
5.942000e+03 0.982555
5.945000e+03 0.985608
5.948000e+03 0.986111
5.951000e+03 0.985855
5.954000e+03 0.988727
5.957000e+03 0.993582
5.960000e+03 1.000294
5.963000e+03 1.005405
5.966000e+03 1.010799
5.969000e+03 1.011168
5.972000e+03 1.010609
5.975000e+03 1.007566
5.978000e+03 1.004551
5.981000e+03 1.004931
5.984000e+03 1.008049
5.987000e+03 1.011188
5.990000e+03 1.017872
5.993000e+03 1.017540
5.996000e+03 1.015748
5.999000e+03 1.011235
6.002000e+03 1.003869
6.005000e+03 0.998635
6.008000e+03 0.997412
6.011000e+03 0.997336
6.014000e+03 0.997820
6.017000e+03 0.999033
6.020000e+03 1.002086
6.023000e+03 1.007462
6.026000e+03 1.016289
6.029000e+03 1.021655
6.032000e+03 1.028158
6.035000e+03 1.029060
6.038000e+03 1.032662
6.041000e+03 1.035222
6.044000e+03 1.035089
6.047000e+03 1.032652
6.050000e+03 1.030538
6.053000e+03 1.028101
6.056000e+03 1.020650
6.059000e+03 1.013644
6.062000e+03 1.013255
6.065000e+03 1.020621
6.068000e+03 1.025883
6.071000e+03 1.028433
6.074000e+03 1.024859
6.077000e+03 1.011425
6.080000e+03 1.000825
6.083000e+03 0.995914
6.086000e+03 0.997241
6.089000e+03 1.002162
6.092000e+03 1.006230
6.095000e+03 1.005755
6.098000e+03 1.004655
6.101000e+03 0.999687
6.104000e+03 0.997194
6.107000e+03 1.000399
6.110000e+03 1.000711
6.113000e+03 0.995791
6.116000e+03 0.985514
6.119000e+03 0.982176
6.122000e+03 0.977938
6.125000e+03 0.980498
6.128000e+03 0.972373
6.131000e+03 0.960304
6.134000e+03 0.949533
6.137000e+03 0.947487
6.140000e+03 0.950396
6.143000e+03 0.959830
6.146000e+03 0.965641
6.149000e+03 0.971813
6.152000e+03 0.965480
6.155000e+03 0.947970
6.158000e+03 0.932648
6.161000e+03 0.918920
6.164000e+03 0.915870
6.167000e+03 0.919000
6.170000e+03 0.923239
6.173000e+03 0.929654
6.176000e+03 0.937316
6.179000e+03 0.943412
6.182000e+03 0.940236
6.185000e+03 0.930909
6.188000e+03 0.925054
6.191000e+03 0.920660
6.194000e+03 0.920271
6.197000e+03 0.924853
6.200000e+03 0.934646
6.203000e+03 0.938263
6.206000e+03 0.930233
6.209000e+03 0.920576
6.212000e+03 0.904612
6.215000e+03 0.892256
6.218000e+03 0.887614
6.221000e+03 0.888157
6.224000e+03 0.885393
6.227000e+03 0.883354
6.230000e+03 0.888354